0 0.299517 0.514667 0.298712 0.517333 0.285024 0.517333 0.284219 0.520000 0.276973 0.520000 0.276167 0.522667 0.269726 0.522667 0.268921 0.525333 0.268116 0.525333 0.267311 0.528000 0.265700 0.528000 0.264895 0.530667 0.263285 0.530667 0.256844 0.552000 0.256844 0.554667 0.256039 0.557333 0.255233 0.557333 0.255233 0.560000 0.252013 0.570667 0.252013 0.573333 0.247182 0.589333 0.243961 0.589333 0.243156 0.592000 0.241546 0.592000 0.240741 0.594667 0.240741 0.605333 0.241546 0.608000 0.241546 0.610667 0.238325 0.621333 0.237520 0.621333 0.233494 0.634667 0.232689 0.634667 0.232689 0.637333 0.231079 0.642667 0.231079 0.645333 0.229469 0.650667 0.229469 0.656000 0.228663 0.658667 0.228663 0.661333 0.227858 0.664000 0.227858 0.680000 0.227053 0.682667 0.227053 0.698667 0.227858 0.701333 0.227858 0.709333 0.228663 0.712000 0.228663 0.714667 0.229469 0.717333 0.229469 0.720000 0.230274 0.722667 0.230274 0.725333 0.231079 0.728000 0.231079 0.744000 0.231884 0.746667 0.231884 0.749333 0.232689 0.752000 0.232689 0.760000 0.233494 0.760000 0.234300 0.762667 0.234300 0.765333 0.235105 0.768000 0.235910 0.768000 0.236715 0.770667 0.240741 0.770667 0.241546 0.768000 0.242351 0.768000 0.243961 0.762667 0.244767 0.762667 0.244767 0.760000 0.246377 0.754667 0.246377 0.752000 0.248792 0.744000 0.263285 0.744000 0.264090 0.741333 0.290660 0.741333 0.291465 0.738667 0.296296 0.738667 0.297101 0.736000 0.300322 0.736000 0.301127 0.733333 0.304348 0.733333 0.305153 0.736000 0.305958 0.736000 0.306763 0.738667 0.306763 0.741333 0.308374 0.746667 0.308374 0.749333 0.310789 0.757333 0.317230 0.757333 0.319646 0.749333 0.320451 0.749333 0.320451 0.741333 0.321256 0.738667 0.321256 0.736000 0.322061 0.733333 0.322061 0.701333 0.324477 0.693333 0.325282 0.693333 0.326087 0.690667 0.326892 0.690667 0.327697 0.688000 0.331723 0.688000 0.334138 0.696000 0.334138 0.698667 0.334944 0.701333 0.334944 0.704000 0.339775 0.704000 0.342995 0.693333 0.342995 0.674667 0.342190 0.672000 0.342190 0.618667 0.341385 0.616000 0.341385 0.605333 0.340580 0.602667 0.340580 0.594667 0.339775 0.592000 0.339775 0.584000 0.336554 0.573333 0.336554 0.568000 0.334138 0.560000 0.334138 0.557333 0.333333 0.554667 0.332528 0.554667 0.330113 0.546667 0.330113 0.544000 0.329308 0.541333 0.329308 0.538667 0.328502 0.536000 0.328502 0.533333 0.327697 0.530667 0.326892 0.530667 0.325282 0.525333 0.324477 0.525333 0.323671 0.522667 0.322866 0.522667 0.322061 0.520000 0.316425 0.520000 0.315620 0.517333 0.306763 0.517333 0.305958 0.514667
0 0.227053 0.514667 0.342995 0.770667
0 0.426731 0.522667 0.426731 0.541333 0.430757 0.541333 0.430757 0.525333 0.429147 0.525333 0.428341 0.522667
0 0.426731 0.522667 0.430757 0.541333
0 0.413043 0.501333 0.412238 0.504000 0.406602 0.504000 0.405797 0.506667 0.403382 0.506667 0.401771 0.512000 0.400966 0.512000 0.399356 0.517333 0.399356 0.520000 0.398551 0.522667 0.398551 0.538667 0.399356 0.538667 0.400161 0.541333 0.400966 0.541333 0.401771 0.544000 0.402576 0.544000 0.403382 0.546667 0.404187 0.546667 0.404992 0.549333 0.406602 0.549333 0.407407 0.552000 0.409018 0.552000 0.409823 0.549333 0.410628 0.549333 0.412238 0.544000 0.416264 0.544000 0.417069 0.546667 0.421900 0.546667 0.421900 0.538667 0.422705 0.536000 0.422705 0.525333 0.421095 0.520000 0.420290 0.520000 0.417069 0.509333 0.417069 0.506667 0.415459 0.501333
0 0.398551 0.501333 0.422705 0.552000
0 0.432367 0.474667 0.433172 0.474667 0.433977 0.477333 0.435588 0.477333 0.438003 0.485333 0.438003 0.488000 0.438808 0.490667 0.438808 0.493333 0.439614 0.496000 0.439614 0.501333 0.438808 0.504000 0.438808 0.512000 0.436393 0.520000 0.435588 0.520000 0.434783 0.522667 0.433977 0.522667 0.433172 0.525333 0.433172 0.538667 0.439614 0.538667 0.440419 0.541333 0.441224 0.541333 0.442029 0.544000 0.445250 0.544000 0.446055 0.541333 0.446055 0.538667 0.446860 0.536000 0.450886 0.536000 0.453301 0.544000 0.454106 0.544000 0.454911 0.546667 0.456522 0.546667 0.457327 0.544000 0.458937 0.544000 0.458937 0.541333 0.459742 0.538667 0.459742 0.536000 0.461353 0.530667 0.462963 0.530667 0.462963 0.525333 0.463768 0.522667 0.463768 0.512000 0.462963 0.509333 0.462963 0.501333 0.462158 0.498667 0.462158 0.496000 0.460548 0.490667 0.460548 0.488000 0.458132 0.480000 0.456522 0.480000 0.455717 0.477333 0.451691 0.477333 0.450886 0.474667
0 0.432367 0.474667 0.463768 0.546667
0 0.314010 0.496000 0.313205 0.498667 0.304348 0.498667 0.303543 0.501333 0.297101 0.501333 0.296296 0.504000 0.295491 0.504000 0.293881 0.509333 0.293076 0.509333 0.293076 0.514667 0.295491 0.514667 0.296296 0.512000 0.305958 0.512000 0.306763 0.514667 0.315620 0.514667 0.316425 0.517333 0.322061 0.517333 0.322866 0.520000 0.323671 0.520000 0.324477 0.522667 0.325282 0.522667 0.326892 0.528000 0.327697 0.528000 0.329308 0.533333 0.329308 0.536000 0.330113 0.538667 0.330113 0.541333 0.330918 0.544000 0.330918 0.546667 0.332528 0.552000 0.333333 0.552000 0.334944 0.557333 0.334944 0.560000 0.337359 0.568000 0.337359 0.573333 0.340580 0.584000 0.340580 0.592000 0.341385 0.594667 0.341385 0.602667 0.342190 0.605333 0.342190 0.613333 0.347021 0.613333 0.347021 0.610667 0.347826 0.608000 0.347826 0.602667 0.348631 0.600000 0.348631 0.597333 0.349436 0.594667 0.349436 0.592000 0.350242 0.589333 0.350242 0.562667 0.349436 0.560000 0.349436 0.557333 0.347021 0.549333 0.347021 0.546667 0.346216 0.546667 0.345411 0.544000 0.343800 0.544000 0.341385 0.536000 0.340580 0.536000 0.339775 0.533333 0.339775 0.530667 0.338969 0.530667 0.334138 0.514667 0.334138 0.512000 0.333333 0.509333 0.332528 0.509333 0.330918 0.504000 0.330113 0.504000 0.329308 0.501333 0.327697 0.501333 0.326892 0.498667 0.316425 0.498667 0.315620 0.496000
0 0.293076 0.496000 0.350242 0.613333
0 0.527375 0.469333 0.526570 0.472000 0.524155 0.472000 0.523349 0.474667 0.522544 0.474667 0.521739 0.477333 0.520934 0.477333 0.519324 0.482667 0.518519 0.482667 0.516908 0.488000 0.516103 0.488000 0.515298 0.490667 0.514493 0.490667 0.513688 0.493333 0.507246 0.493333 0.506441 0.496000 0.504026 0.496000 0.503221 0.498667 0.502415 0.498667 0.501610 0.501333 0.500805 0.501333 0.500000 0.504000 0.500000 0.506667 0.499195 0.509333 0.499195 0.514667 0.498390 0.517333 0.498390 0.520000 0.499195 0.522667 0.499195 0.528000 0.500000 0.530667 0.500805 0.530667 0.501610 0.533333 0.510467 0.533333 0.511272 0.536000 0.520934 0.536000 0.521739 0.533333 0.523349 0.533333 0.524155 0.530667 0.552335 0.530667 0.553140 0.533333 0.557166 0.533333 0.557971 0.530667 0.558776 0.530667 0.559581 0.528000 0.561192 0.528000 0.561997 0.525333 0.563607 0.525333 0.565217 0.520000 0.565217 0.514667 0.566023 0.512000 0.566023 0.506667 0.565217 0.504000 0.565217 0.501333 0.564412 0.498667 0.564412 0.496000 0.561192 0.485333 0.560386 0.485333 0.559581 0.482667 0.557166 0.482667 0.556361 0.480000 0.553945 0.480000 0.553140 0.477333 0.552335 0.477333 0.551530 0.474667 0.550725 0.474667 0.549919 0.472000 0.547504 0.472000 0.546699 0.469333
0 0.498390 0.469333 0.566023 0.536000
0 0.164251 0.501333 0.164251 0.509333 0.163446 0.512000 0.163446 0.536000 0.164251 0.538667 0.164251 0.552000 0.165056 0.554667 0.164251 0.557333 0.164251 0.565333 0.165056 0.568000 0.165056 0.578667 0.165862 0.581333 0.167472 0.581333 0.168277 0.578667 0.173913 0.578667 0.174718 0.581333 0.175523 0.581333 0.176329 0.584000 0.183575 0.584000 0.189211 0.565333 0.190016 0.565333 0.192432 0.557333 0.193237 0.557333 0.194042 0.554667 0.194042 0.538667 0.191626 0.530667 0.191626 0.528000 0.190821 0.525333 0.190016 0.525333 0.189211 0.522667 0.188406 0.522667 0.187601 0.520000 0.185990 0.520000 0.185185 0.517333 0.173913 0.517333 0.173108 0.514667 0.172303 0.514667 0.171498 0.512000 0.170692 0.512000 0.169082 0.506667 0.168277 0.506667 0.167472 0.504000 0.165862 0.504000 0.165056 0.501333
0 0.163446 0.501333 0.194042 0.584000
0 0.129630 0.485333 0.128824 0.488000 0.125604 0.488000 0.124799 0.490667 0.117552 0.490667 0.116747 0.493333 0.114332 0.493333 0.113527 0.496000 0.112721 0.496000 0.111916 0.498667 0.111916 0.501333 0.111111 0.504000 0.111111 0.506667 0.110306 0.509333 0.110306 0.512000 0.109501 0.514667 0.109501 0.536000 0.110306 0.538667 0.110306 0.541333 0.111111 0.544000 0.111916 0.544000 0.112721 0.546667 0.112721 0.552000 0.111916 0.554667 0.111916 0.562667 0.112721 0.565333 0.112721 0.573333 0.115137 0.573333 0.115942 0.576000 0.117552 0.576000 0.118357 0.578667 0.124799 0.578667 0.128019 0.589333 0.134461 0.589333 0.137681 0.578667 0.150564 0.578667 0.151369 0.576000 0.154589 0.576000 0.155395 0.578667 0.156200 0.576000 0.158615 0.576000 0.158615 0.565333 0.159420 0.562667 0.159420 0.544000 0.158615 0.541333 0.158615 0.520000 0.159420 0.517333 0.158615 0.514667 0.158615 0.504000 0.159420 0.501333 0.159420 0.493333 0.158615 0.493333 0.157810 0.490667 0.154589 0.490667 0.153784 0.488000 0.148953 0.488000 0.148148 0.485333 0.133655 0.485333 0.132850 0.488000 0.130435 0.488000
0 0.109501 0.485333 0.159420 0.589333
1 0.623188 0.536000 0.622383 0.538667 0.621578 0.538667 0.620773 0.541333 0.619968 0.541333 0.617552 0.549333 0.617552 0.568000 0.616747 0.570667 0.616747 0.573333 0.617552 0.576000 0.619163 0.576000 0.620773 0.581333 0.620773 0.584000 0.621578 0.586667 0.621578 0.592000 0.622383 0.594667 0.622383 0.629333 0.625604 0.629333 0.627214 0.624000 0.626409 0.621333 0.626409 0.613333 0.625604 0.610667 0.625604 0.592000 0.624799 0.589333 0.624799 0.565333 0.623994 0.562667 0.623994 0.554667 0.624799 0.552000 0.624799 0.541333 0.623994 0.538667 0.623994 0.536000
1 0.616747 0.536000 0.627214 0.629333
1 0.619968 0.458667 0.619163 0.461333 0.618357 0.461333 0.618357 0.464000 0.617552 0.466667 0.617552 0.480000 0.616747 0.482667 0.616747 0.493333 0.617552 0.496000 0.617552 0.498667 0.619968 0.506667 0.619968 0.509333 0.620773 0.509333 0.621578 0.512000 0.621578 0.514667 0.622383 0.517333 0.623188 0.517333 0.623994 0.520000 0.624799 0.520000 0.625604 0.522667 0.625604 0.520000 0.626409 0.517333 0.626409 0.509333 0.624799 0.504000 0.624799 0.498667 0.623994 0.496000 0.623994 0.493333 0.623188 0.490667 0.623188 0.469333 0.622383 0.466667 0.622383 0.461333 0.621578 0.458667
1 0.616747 0.458667 0.626409 0.522667