0 0.347021 0.485333 0.346216 0.488000 0.341385 0.488000 0.340580 0.490667 0.339775 0.490667 0.338164 0.496000 0.337359 0.496000 0.336554 0.498667 0.335749 0.498667 0.333333 0.506667 0.332528 0.506667 0.332528 0.509333 0.330918 0.514667 0.330918 0.517333 0.330113 0.520000 0.329308 0.520000 0.329308 0.522667 0.326892 0.530667 0.326892 0.533333 0.326087 0.536000 0.325282 0.536000 0.324477 0.538667 0.319646 0.538667 0.318841 0.541333 0.318035 0.541333 0.318035 0.546667 0.318841 0.549333 0.318841 0.552000 0.319646 0.554667 0.319646 0.557333 0.318841 0.560000 0.318841 0.562667 0.317230 0.568000 0.317230 0.570667 0.314815 0.578667 0.314815 0.581333 0.312399 0.589333 0.312399 0.592000 0.311594 0.594667 0.311594 0.602667 0.310789 0.605333 0.310789 0.656000 0.311594 0.658667 0.311594 0.664000 0.313205 0.669333 0.313205 0.672000 0.314010 0.674667 0.315620 0.674667 0.316425 0.677333 0.318035 0.677333 0.318841 0.674667 0.321256 0.674667 0.322061 0.672000 0.323671 0.672000 0.324477 0.669333 0.326087 0.669333 0.326892 0.666667 0.328502 0.666667 0.329308 0.669333 0.342190 0.669333 0.342995 0.666667 0.355878 0.666667 0.356683 0.664000 0.365539 0.664000 0.366345 0.661333 0.371981 0.661333 0.375201 0.672000 0.376006 0.672000 0.376812 0.674667 0.380837 0.674667 0.381643 0.672000 0.381643 0.669333 0.382448 0.666667 0.382448 0.658667 0.383253 0.656000 0.383253 0.648000 0.384058 0.645333 0.384058 0.642667 0.385668 0.637333 0.387279 0.637333 0.388084 0.634667 0.388889 0.634667 0.389694 0.632000 0.390499 0.632000 0.391304 0.634667 0.392915 0.634667 0.395330 0.642667 0.396135 0.642667 0.396940 0.640000 0.397746 0.640000 0.397746 0.637333 0.398551 0.634667 0.398551 0.565333 0.397746 0.562667 0.397746 0.544000 0.396135 0.538667 0.396135 0.536000 0.394525 0.530667 0.394525 0.528000 0.392915 0.522667 0.392915 0.520000 0.392110 0.517333 0.392110 0.514667 0.391304 0.512000 0.391304 0.509333 0.390499 0.506667 0.390499 0.504000 0.387279 0.493333 0.385668 0.493333 0.384863 0.490667 0.382448 0.490667 0.381643 0.488000 0.375201 0.488000 0.374396 0.485333
0 0.310789 0.485333 0.398551 0.677333
0 0.183575 0.474667 0.182770 0.477333 0.176329 0.477333 0.175523 0.480000 0.172303 0.480000 0.171498 0.482667 0.170692 0.482667 0.167472 0.493333 0.167472 0.496000 0.166667 0.498667 0.166667 0.501333 0.165056 0.506667 0.165056 0.517333 0.164251 0.520000 0.164251 0.530667 0.165056 0.533333 0.165056 0.544000 0.165862 0.546667 0.165862 0.549333 0.170692 0.549333 0.171498 0.546667 0.173108 0.546667 0.173913 0.544000 0.186795 0.544000 0.187601 0.546667 0.188406 0.546667 0.189211 0.549333 0.194042 0.549333 0.195652 0.544000 0.197262 0.544000 0.198068 0.541333 0.205314 0.541333 0.206119 0.544000 0.207729 0.544000 0.208535 0.546667 0.210145 0.546667 0.210950 0.544000 0.211755 0.544000 0.211755 0.541333 0.212560 0.538667 0.212560 0.512000 0.211755 0.509333 0.211755 0.506667 0.210145 0.501333 0.209340 0.501333 0.207729 0.496000 0.206924 0.496000 0.205314 0.490667 0.204509 0.490667 0.202093 0.482667 0.201288 0.482667 0.200483 0.480000 0.198873 0.480000 0.198068 0.477333 0.194042 0.477333 0.193237 0.474667
0 0.164251 0.474667 0.212560 0.549333
0 0.417069 0.472000 0.416264 0.474667 0.416264 0.477333 0.415459 0.480000 0.415459 0.482667 0.414654 0.485333 0.414654 0.488000 0.413849 0.490667 0.413849 0.493333 0.411433 0.501333 0.410628 0.501333 0.408213 0.509333 0.408213 0.517333 0.407407 0.520000 0.407407 0.538667 0.408213 0.541333 0.408213 0.549333 0.434783 0.549333 0.435588 0.546667 0.436393 0.546667 0.437198 0.544000 0.438003 0.544000 0.438808 0.541333 0.439614 0.541333 0.440419 0.538667 0.440419 0.520000 0.439614 0.517333 0.439614 0.506667 0.438808 0.504000 0.438808 0.496000 0.438003 0.493333 0.438003 0.490667 0.436393 0.485333 0.436393 0.482667 0.434783 0.477333 0.434783 0.474667 0.433977 0.472000
0 0.407407 0.472000 0.440419 0.549333
0 0.280998 0.469333 0.280193 0.472000 0.276973 0.472000 0.276167 0.474667 0.275362 0.474667 0.272142 0.485333 0.272142 0.490667 0.271337 0.493333 0.271337 0.498667 0.270531 0.501333 0.270531 0.509333 0.272142 0.514667 0.284219 0.514667 0.285024 0.517333 0.289050 0.517333 0.289855 0.514667 0.290660 0.514667 0.291465 0.512000 0.297101 0.512000 0.298712 0.506667 0.298712 0.504000 0.297101 0.498667 0.297101 0.493333 0.296296 0.490667 0.296296 0.485333 0.294686 0.480000 0.293881 0.480000 0.292271 0.474667 0.291465 0.474667 0.290660 0.472000 0.289855 0.472000 0.289050 0.469333
0 0.270531 0.469333 0.298712 0.517333
0 0.299517 0.469333 0.298712 0.472000 0.295491 0.472000 0.294686 0.474667 0.294686 0.477333 0.297101 0.485333 0.297101 0.490667 0.297907 0.493333 0.297907 0.498667 0.300322 0.506667 0.302738 0.506667 0.303543 0.504000 0.304348 0.504000 0.305153 0.506667 0.309179 0.506667 0.309984 0.504000 0.311594 0.504000 0.312399 0.506667 0.314815 0.506667 0.315620 0.504000 0.316425 0.504000 0.316425 0.501333 0.317230 0.498667 0.317230 0.488000 0.316425 0.485333 0.316425 0.480000 0.315620 0.477333 0.314815 0.477333 0.312399 0.469333
0 0.294686 0.469333 0.317230 0.506667
0 0.454911 0.469333 0.454911 0.474667 0.455717 0.477333 0.455717 0.480000 0.456522 0.482667 0.456522 0.501333 0.465378 0.501333 0.465378 0.493333 0.466184 0.490667 0.466184 0.480000 0.463768 0.472000 0.462963 0.472000 0.462158 0.469333
0 0.454911 0.469333 0.466184 0.501333
0 0.444444 0.461333 0.443639 0.464000 0.440419 0.464000 0.439614 0.466667 0.438808 0.466667 0.437198 0.472000 0.437198 0.485333 0.438808 0.490667 0.438808 0.493333 0.439614 0.496000 0.439614 0.504000 0.440419 0.506667 0.440419 0.514667 0.455717 0.514667 0.455717 0.482667 0.454911 0.480000 0.454911 0.477333 0.454106 0.474667 0.454106 0.469333 0.451691 0.461333
0 0.437198 0.461333 0.455717 0.514667
0 0.478261 0.464000 0.477456 0.466667 0.476651 0.466667 0.475040 0.472000 0.474235 0.472000 0.474235 0.474667 0.473430 0.477333 0.473430 0.480000 0.472625 0.482667 0.472625 0.488000 0.471014 0.493333 0.471014 0.498667 0.471820 0.501333 0.471820 0.549333 0.473430 0.554667 0.474235 0.554667 0.475040 0.552000 0.475845 0.552000 0.476651 0.549333 0.494364 0.549333 0.495169 0.552000 0.495974 0.552000 0.497585 0.557333 0.500000 0.557333 0.500805 0.554667 0.500805 0.536000 0.501610 0.533333 0.501610 0.514667 0.500805 0.512000 0.500805 0.501333 0.501610 0.498667 0.501610 0.490667 0.500000 0.485333 0.500000 0.480000 0.497585 0.472000 0.497585 0.469333 0.496779 0.466667 0.495169 0.466667 0.494364 0.464000
0 0.471014 0.464000 0.501610 0.557333