0 0.000000 0.506667 0.000000 0.600000 0.003221 0.600000 0.004026 0.602667 0.005636 0.602667 0.006441 0.605333 0.013688 0.605333 0.015298 0.600000 0.016103 0.600000 0.016908 0.597333 0.016908 0.594667 0.018519 0.589333 0.018519 0.586667 0.020129 0.581333 0.020129 0.578667 0.020934 0.576000 0.020934 0.573333 0.022544 0.568000 0.022544 0.562667 0.023349 0.560000 0.023349 0.536000 0.022544 0.533333 0.022544 0.528000 0.020129 0.520000 0.016908 0.520000 0.016103 0.517333 0.012882 0.517333 0.012077 0.514667 0.004831 0.514667 0.004026 0.512000 0.003221 0.512000 0.002415 0.509333 0.001610 0.509333 0.000805 0.506667
0 0.000000 0.506667 0.023349 0.605333
0 0.075684 0.490667 0.074879 0.493333 0.067633 0.493333 0.066828 0.496000 0.063607 0.496000 0.062802 0.498667 0.061997 0.498667 0.058776 0.509333 0.057971 0.509333 0.055556 0.517333 0.054750 0.517333 0.053140 0.522667 0.051530 0.522667 0.050725 0.525333 0.047504 0.525333 0.046699 0.528000 0.043478 0.528000 0.042673 0.530667 0.040258 0.530667 0.039452 0.533333 0.037842 0.533333 0.037037 0.536000 0.035427 0.536000 0.034622 0.538667 0.033816 0.538667 0.033011 0.541333 0.033011 0.544000 0.032206 0.546667 0.032206 0.549333 0.031401 0.552000 0.031401 0.560000 0.030596 0.562667 0.030596 0.570667 0.031401 0.573333 0.031401 0.576000 0.032206 0.578667 0.032206 0.581333 0.033011 0.584000 0.033011 0.586667 0.045089 0.586667 0.045894 0.584000 0.069243 0.584000 0.070048 0.586667 0.070853 0.586667 0.071659 0.589333 0.077295 0.589333 0.078100 0.586667 0.078905 0.586667 0.079710 0.584000 0.079710 0.581333 0.080515 0.578667 0.086957 0.578667 0.087762 0.576000 0.099839 0.576000 0.100644 0.573333 0.106280 0.573333 0.108696 0.581333 0.115942 0.581333 0.115942 0.578667 0.116747 0.576000 0.116747 0.573333 0.117552 0.570667 0.117552 0.565333 0.118357 0.562667 0.118357 0.552000 0.119163 0.549333 0.119163 0.541333 0.118357 0.538667 0.118357 0.536000 0.117552 0.533333 0.117552 0.528000 0.116747 0.525333 0.116747 0.522667 0.115942 0.520000 0.115942 0.517333 0.112721 0.506667 0.112721 0.504000 0.109501 0.493333 0.105475 0.493333 0.104670 0.490667
0 0.030596 0.490667 0.119163 0.589333
0 0.312399 0.504000 0.311594 0.506667 0.307568 0.506667 0.306763 0.509333 0.304348 0.509333 0.303543 0.512000 0.302738 0.512000 0.301932 0.514667 0.301127 0.514667 0.300322 0.517333 0.297907 0.517333 0.297101 0.520000 0.295491 0.520000 0.294686 0.522667 0.293881 0.522667 0.292271 0.528000 0.291465 0.528000 0.289050 0.536000 0.288245 0.536000 0.288245 0.538667 0.287440 0.541333 0.286634 0.541333 0.286634 0.544000 0.285829 0.546667 0.285829 0.549333 0.283414 0.557333 0.282609 0.557333 0.280998 0.562667 0.280998 0.565333 0.277778 0.576000 0.276973 0.576000 0.276167 0.578667 0.276167 0.581333 0.275362 0.584000 0.273752 0.584000 0.273752 0.592000 0.271337 0.600000 0.270531 0.600000 0.269726 0.602667 0.268116 0.602667 0.267311 0.605333 0.266506 0.605333 0.265700 0.608000 0.264895 0.608000 0.264090 0.610667 0.263285 0.610667 0.262480 0.613333 0.261675 0.613333 0.260870 0.616000 0.259259 0.616000 0.258454 0.618667 0.257649 0.618667 0.257649 0.621333 0.256844 0.624000 0.256039 0.624000 0.255233 0.626667 0.254428 0.626667 0.252818 0.632000 0.252013 0.632000 0.252013 0.634667 0.250403 0.640000 0.250403 0.658667 0.249597 0.661333 0.249597 0.669333 0.248792 0.672000 0.248792 0.680000 0.247182 0.685333 0.247182 0.704000 0.248792 0.709333 0.248792 0.714667 0.250403 0.720000 0.250403 0.722667 0.252013 0.728000 0.252013 0.730667 0.256039 0.744000 0.256039 0.746667 0.257649 0.752000 0.258454 0.752000 0.259259 0.754667 0.262480 0.754667 0.263285 0.752000 0.264895 0.752000 0.267311 0.744000 0.268116 0.744000 0.268921 0.741333 0.319646 0.741333 0.320451 0.738667 0.330918 0.738667 0.331723 0.741333 0.331723 0.744000 0.333333 0.749333 0.334138 0.749333 0.335749 0.754667 0.341385 0.754667 0.342190 0.752000 0.342995 0.752000 0.345411 0.744000 0.345411 0.736000 0.346216 0.733333 0.346216 0.730667 0.347021 0.728000 0.347021 0.722667 0.348631 0.717333 0.348631 0.714667 0.349436 0.712000 0.350242 0.712000 0.351852 0.706667 0.352657 0.706667 0.353462 0.704000 0.354267 0.704000 0.355072 0.701333 0.357488 0.701333 0.358293 0.698667 0.367150 0.698667 0.367955 0.701333 0.368760 0.698667 0.371176 0.698667 0.372786 0.693333 0.372786 0.690667 0.373591 0.688000 0.373591 0.674667 0.374396 0.672000 0.374396 0.661333 0.375201 0.658667 0.375201 0.645333 0.376006 0.642667 0.376006 0.632000 0.376812 0.629333 0.376812 0.600000 0.376006 0.597333 0.376006 0.581333 0.375201 0.578667 0.375201 0.576000 0.371981 0.565333 0.371176 0.565333 0.370370 0.562667 0.370370 0.560000 0.367150 0.549333 0.367150 0.546667 0.361514 0.528000 0.361514 0.525333 0.360709 0.525333 0.359098 0.520000 0.358293 0.520000 0.357488 0.517333 0.356683 0.517333 0.355072 0.512000 0.351047 0.512000 0.350242 0.509333 0.347826 0.509333 0.347021 0.506667 0.341385 0.506667 0.340580 0.504000
0 0.247182 0.504000 0.376812 0.754667
0 0.438808 0.477333 0.438003 0.480000 0.435588 0.480000 0.434783 0.482667 0.434783 0.485333 0.433172 0.490667 0.433172 0.493333 0.431562 0.498667 0.431562 0.504000 0.430757 0.506667 0.430757 0.517333 0.429952 0.520000 0.429952 0.530667 0.430757 0.533333 0.430757 0.538667 0.440419 0.538667 0.441224 0.541333 0.450886 0.541333 0.451691 0.538667 0.453301 0.538667 0.454106 0.536000 0.454106 0.520000 0.453301 0.517333 0.453301 0.496000 0.450886 0.488000 0.450886 0.485333 0.449275 0.480000 0.448470 0.480000 0.447665 0.477333
0 0.429952 0.477333 0.454106 0.541333
0 0.457327 0.477333 0.456522 0.480000 0.454106 0.480000 0.453301 0.482667 0.453301 0.490667 0.454106 0.493333 0.454106 0.517333 0.461353 0.517333 0.462158 0.520000 0.465378 0.520000 0.465378 0.514667 0.466184 0.512000 0.466184 0.496000 0.464573 0.490667 0.464573 0.488000 0.462158 0.480000 0.460548 0.480000 0.459742 0.477333
0 0.453301 0.477333 0.466184 0.520000
0 0.482287 0.477333 0.481481 0.480000 0.479066 0.480000 0.477456 0.485333 0.477456 0.488000 0.475845 0.493333 0.475845 0.496000 0.475040 0.498667 0.475040 0.504000 0.474235 0.506667 0.474235 0.520000 0.473430 0.522667 0.473430 0.536000 0.472625 0.538667 0.472625 0.562667 0.473430 0.565333 0.473430 0.581333 0.474235 0.584000 0.474235 0.586667 0.476651 0.586667 0.477456 0.584000 0.478261 0.584000 0.479066 0.581333 0.479871 0.581333 0.480676 0.578667 0.493559 0.578667 0.494364 0.581333 0.497585 0.581333 0.498390 0.578667 0.502415 0.578667 0.505636 0.589333 0.506441 0.589333 0.507246 0.592000 0.508052 0.592000 0.508857 0.589333 0.508857 0.581333 0.509662 0.578667 0.509662 0.536000 0.508857 0.533333 0.508857 0.517333 0.509662 0.514667 0.509662 0.509333 0.508052 0.504000 0.508052 0.501333 0.506441 0.496000 0.506441 0.490667 0.504831 0.485333 0.504831 0.482667 0.504026 0.482667 0.503221 0.480000 0.501610 0.480000 0.500805 0.477333
0 0.472625 0.477333 0.509662 0.592000