0 0.419485 0.477333 0.418680 0.480000 0.413849 0.480000 0.410628 0.490667 0.410628 0.493333 0.409018 0.498667 0.409018 0.501333 0.406602 0.509333 0.406602 0.514667 0.404992 0.520000 0.404992 0.525333 0.404187 0.528000 0.404187 0.530667 0.403382 0.533333 0.403382 0.560000 0.404992 0.565333 0.405797 0.565333 0.406602 0.562667 0.407407 0.562667 0.408213 0.565333 0.414654 0.565333 0.415459 0.568000 0.421900 0.568000 0.422705 0.565333 0.430757 0.565333 0.431562 0.562667 0.432367 0.562667 0.433172 0.565333 0.433977 0.562667 0.436393 0.562667 0.437198 0.560000 0.438003 0.562667 0.439614 0.562667 0.440419 0.560000 0.441224 0.560000 0.441224 0.533333 0.439614 0.528000 0.439614 0.525333 0.438808 0.522667 0.438808 0.514667 0.438003 0.512000 0.438003 0.506667 0.436393 0.501333 0.436393 0.498667 0.435588 0.496000 0.435588 0.493333 0.433977 0.488000 0.433977 0.485333 0.433172 0.485333 0.432367 0.482667 0.431562 0.482667 0.430757 0.480000 0.428341 0.480000 0.427536 0.477333 0.426731 0.477333 0.425926 0.480000 0.422705 0.480000 0.421900 0.477333
0 0.403382 0.477333 0.441224 0.568000
0 0.239936 0.485333 0.239130 0.488000 0.236715 0.488000 0.235910 0.490667 0.235105 0.490667 0.234300 0.493333 0.233494 0.493333 0.232689 0.496000 0.232689 0.498667 0.231079 0.504000 0.231079 0.506667 0.230274 0.509333 0.230274 0.517333 0.229469 0.520000 0.229469 0.536000 0.230274 0.538667 0.230274 0.541333 0.231079 0.544000 0.237520 0.544000 0.238325 0.541333 0.243961 0.541333 0.244767 0.544000 0.248792 0.544000 0.249597 0.546667 0.251208 0.546667 0.252013 0.544000 0.253623 0.544000 0.254428 0.541333 0.256039 0.541333 0.256844 0.538667 0.257649 0.538667 0.258454 0.541333 0.260064 0.541333 0.260870 0.544000 0.262480 0.544000 0.263285 0.541333 0.264090 0.541333 0.264090 0.533333 0.264895 0.530667 0.264895 0.520000 0.264090 0.517333 0.264090 0.514667 0.260064 0.501333 0.259259 0.501333 0.256039 0.490667 0.255233 0.490667 0.254428 0.488000 0.252818 0.488000 0.252013 0.485333
0 0.229469 0.485333 0.264895 0.546667
0 0.442834 0.474667 0.442029 0.477333 0.438808 0.477333 0.438003 0.480000 0.437198 0.480000 0.436393 0.482667 0.436393 0.496000 0.437198 0.498667 0.437198 0.501333 0.438808 0.506667 0.438808 0.512000 0.439614 0.514667 0.439614 0.522667 0.440419 0.525333 0.440419 0.528000 0.452496 0.528000 0.453301 0.525333 0.453301 0.501333 0.452496 0.498667 0.452496 0.490667 0.450886 0.485333 0.450886 0.482667 0.449275 0.477333 0.448470 0.477333 0.447665 0.474667
0 0.436393 0.474667 0.453301 0.528000
0 0.308374 0.480000 0.307568 0.482667 0.305958 0.482667 0.305153 0.485333 0.304348 0.485333 0.304348 0.488000 0.302738 0.493333 0.302738 0.496000 0.301932 0.498667 0.301932 0.504000 0.301127 0.506667 0.301127 0.517333 0.301932 0.517333 0.302738 0.520000 0.305153 0.520000 0.305958 0.517333 0.310789 0.517333 0.311594 0.520000 0.317230 0.520000 0.318035 0.517333 0.322061 0.517333 0.323671 0.512000 0.323671 0.498667 0.319646 0.485333 0.318841 0.485333 0.318035 0.482667 0.317230 0.482667 0.316425 0.480000
0 0.301127 0.480000 0.323671 0.520000
0 0.451691 0.466667 0.450886 0.469333 0.450081 0.469333 0.449275 0.472000 0.449275 0.474667 0.451691 0.482667 0.451691 0.485333 0.453301 0.490667 0.453301 0.498667 0.454106 0.501333 0.454106 0.504000 0.457327 0.504000 0.458132 0.506667 0.460548 0.506667 0.461353 0.509333 0.462963 0.504000 0.462963 0.490667 0.462158 0.488000 0.462158 0.477333 0.458937 0.466667
0 0.449275 0.466667 0.462963 0.509333
0 0.486312 0.466667 0.485507 0.469333 0.475845 0.469333 0.474235 0.474667 0.473430 0.474667 0.473430 0.480000 0.472625 0.482667 0.472625 0.485333 0.471820 0.488000 0.471820 0.493333 0.471014 0.496000 0.471014 0.552000 0.472625 0.557333 0.475040 0.557333 0.475845 0.554667 0.477456 0.554667 0.478261 0.552000 0.483092 0.552000 0.483897 0.554667 0.487118 0.554667 0.487923 0.552000 0.493559 0.552000 0.494364 0.554667 0.495169 0.554667 0.495974 0.557333 0.496779 0.557333 0.497585 0.560000 0.499195 0.560000 0.500000 0.557333 0.500000 0.541333 0.500805 0.538667 0.500805 0.514667 0.500000 0.512000 0.500000 0.504000 0.500805 0.501333 0.500805 0.490667 0.497585 0.480000 0.497585 0.477333 0.496779 0.474667 0.496779 0.472000 0.495974 0.469333 0.490338 0.469333 0.489533 0.466667 0.487923 0.466667 0.487118 0.469333
0 0.471014 0.466667 0.500805 0.560000