0 0.472625 0.498667 0.471820 0.501333 0.470209 0.501333 0.469404 0.504000 0.468599 0.504000 0.467794 0.506667 0.466989 0.506667 0.466184 0.509333 0.465378 0.509333 0.465378 0.512000 0.464573 0.514667 0.464573 0.517333 0.463768 0.520000 0.463768 0.522667 0.462963 0.525333 0.462963 0.528000 0.462158 0.530667 0.462158 0.533333 0.461353 0.536000 0.461353 0.538667 0.459742 0.544000 0.458937 0.544000 0.457327 0.549333 0.459742 0.557333 0.459742 0.573333 0.458937 0.576000 0.458937 0.608000 0.458132 0.610667 0.458132 0.661333 0.458937 0.664000 0.458937 0.666667 0.459742 0.666667 0.460548 0.669333 0.463768 0.669333 0.466184 0.661333 0.466184 0.658667 0.467794 0.653333 0.501610 0.653333 0.502415 0.650667 0.504026 0.656000 0.504026 0.658667 0.504831 0.661333 0.504831 0.664000 0.505636 0.664000 0.506441 0.666667 0.510467 0.666667 0.512077 0.661333 0.512077 0.658667 0.512882 0.656000 0.512882 0.624000 0.513688 0.621333 0.513688 0.608000 0.512882 0.605333 0.512882 0.584000 0.512077 0.581333 0.512077 0.565333 0.511272 0.562667 0.511272 0.554667 0.512077 0.552000 0.512077 0.541333 0.510467 0.541333 0.508052 0.533333 0.508052 0.530667 0.507246 0.528000 0.507246 0.525333 0.506441 0.522667 0.506441 0.520000 0.505636 0.517333 0.505636 0.514667 0.504831 0.512000 0.504831 0.509333 0.504026 0.506667 0.503221 0.506667 0.501610 0.501333 0.500000 0.501333 0.499195 0.498667
0 0.457327 0.498667 0.513688 0.669333
0 0.340580 0.509333 0.339775 0.512000 0.338969 0.512000 0.338164 0.514667 0.337359 0.514667 0.336554 0.517333 0.336554 0.520000 0.334138 0.528000 0.333333 0.528000 0.331723 0.533333 0.331723 0.536000 0.330918 0.538667 0.330918 0.541333 0.330113 0.544000 0.330113 0.549333 0.330918 0.552000 0.330918 0.557333 0.333333 0.565333 0.336554 0.554667 0.338164 0.554667 0.338969 0.557333 0.339775 0.557333 0.340580 0.560000 0.342995 0.560000 0.343800 0.562667 0.346216 0.562667 0.347021 0.565333 0.352657 0.565333 0.353462 0.562667 0.354267 0.562667 0.355072 0.560000 0.356683 0.560000 0.357488 0.562667 0.359903 0.562667 0.360709 0.560000 0.361514 0.560000 0.361514 0.557333 0.362319 0.554667 0.362319 0.544000 0.361514 0.541333 0.361514 0.530667 0.360709 0.528000 0.360709 0.525333 0.356683 0.512000 0.355878 0.512000 0.355072 0.509333
0 0.330113 0.509333 0.362319 0.565333
0 0.388084 0.501333 0.387279 0.504000 0.385668 0.504000 0.381643 0.517333 0.381643 0.528000 0.380837 0.530667 0.380837 0.538667 0.381643 0.541333 0.397746 0.541333 0.398551 0.538667 0.399356 0.538667 0.400161 0.536000 0.400161 0.530667 0.399356 0.528000 0.399356 0.522667 0.398551 0.520000 0.398551 0.514667 0.397746 0.512000 0.397746 0.509333 0.396135 0.504000 0.395330 0.504000 0.394525 0.501333
0 0.380837 0.501333 0.400161 0.541333
0 0.514493 0.485333 0.513688 0.488000 0.512077 0.488000 0.511272 0.490667 0.509662 0.490667 0.508052 0.496000 0.508052 0.498667 0.507246 0.501333 0.507246 0.514667 0.508052 0.517333 0.508052 0.520000 0.508857 0.522667 0.512077 0.522667 0.512882 0.520000 0.516908 0.520000 0.517713 0.522667 0.519324 0.522667 0.520129 0.520000 0.520934 0.522667 0.522544 0.522667 0.523349 0.520000 0.524960 0.520000 0.525765 0.517333 0.528986 0.517333 0.529791 0.520000 0.533816 0.520000 0.535427 0.514667 0.535427 0.512000 0.536232 0.509333 0.536232 0.506667 0.535427 0.504000 0.535427 0.501333 0.534622 0.498667 0.533816 0.498667 0.533011 0.496000 0.532206 0.496000 0.531401 0.493333 0.530596 0.493333 0.529791 0.490667 0.528986 0.490667 0.528180 0.488000 0.527375 0.488000 0.526570 0.485333
0 0.507246 0.485333 0.536232 0.522667
1 0.943639 0.448000 0.943639 0.450667 0.942029 0.456000 0.941224 0.456000 0.941224 0.458667 0.940419 0.461333 0.940419 0.477333 0.941224 0.480000 0.940419 0.482667 0.940419 0.493333 0.939614 0.496000 0.939614 0.498667 0.938003 0.504000 0.937198 0.504000 0.936393 0.506667 0.936393 0.512000 0.935588 0.514667 0.935588 0.533333 0.936393 0.536000 0.936393 0.557333 0.937198 0.560000 0.937198 0.589333 0.938003 0.592000 0.938003 0.594667 0.938808 0.597333 0.939614 0.597333 0.940419 0.600000 0.940419 0.602667 0.942834 0.610667 0.942834 0.613333 0.943639 0.616000 0.943639 0.618667 0.944444 0.621333 0.944444 0.624000 0.945250 0.626667 0.945250 0.632000 0.946055 0.634667 0.946055 0.642667 0.946860 0.645333 0.946860 0.661333 0.947665 0.664000 0.947665 0.672000 0.948470 0.674667 0.948470 0.696000 0.949275 0.698667 0.949275 0.704000 0.950081 0.706667 0.950081 0.712000 0.951691 0.717333 0.955717 0.717333 0.956522 0.714667 0.958937 0.714667 0.959742 0.712000 0.959742 0.682667 0.960548 0.680000 0.960548 0.666667 0.961353 0.664000 0.961353 0.661333 0.962158 0.658667 0.962158 0.656000 0.962963 0.653333 0.962963 0.645333 0.963768 0.642667 0.963768 0.594667 0.965378 0.589333 0.966989 0.589333 0.967794 0.592000 0.968599 0.592000 0.969404 0.589333 0.969404 0.584000 0.968599 0.581333 0.968599 0.576000 0.967794 0.573333 0.967794 0.562667 0.966989 0.560000 0.966989 0.557333 0.966184 0.554667 0.966184 0.549333 0.965378 0.546667 0.965378 0.544000 0.963768 0.538667 0.963768 0.522667 0.962963 0.520000 0.962963 0.514667 0.962158 0.512000 0.962158 0.509333 0.958937 0.498667 0.958132 0.498667 0.957327 0.496000 0.956522 0.496000 0.955717 0.493333 0.954911 0.493333 0.952496 0.485333 0.952496 0.472000 0.953301 0.469333 0.953301 0.461333 0.952496 0.458667 0.952496 0.456000 0.950081 0.448000
1 0.935588 0.448000 0.969404 0.717333
1 0.912238 0.472000 0.911433 0.474667 0.909823 0.474667 0.909018 0.477333 0.909018 0.480000 0.908213 0.482667 0.908213 0.501333 0.907407 0.504000 0.906602 0.504000 0.905797 0.506667 0.904992 0.506667 0.904187 0.509333 0.902576 0.509333 0.901771 0.512000 0.900966 0.512000 0.900161 0.514667 0.899356 0.514667 0.897746 0.520000 0.896940 0.520000 0.895330 0.525333 0.894525 0.525333 0.893720 0.528000 0.892915 0.528000 0.891304 0.533333 0.890499 0.533333 0.888084 0.541333 0.887279 0.541333 0.887279 0.544000 0.886473 0.546667 0.885668 0.546667 0.884863 0.549333 0.884863 0.554667 0.888889 0.554667 0.889694 0.552000 0.890499 0.552000 0.891304 0.549333 0.892110 0.549333 0.892915 0.546667 0.893720 0.546667 0.894525 0.544000 0.895330 0.544000 0.896135 0.541333 0.896940 0.541333 0.897746 0.538667 0.898551 0.538667 0.899356 0.536000 0.900161 0.536000 0.900966 0.533333 0.901771 0.533333 0.902576 0.530667 0.903382 0.530667 0.905797 0.538667 0.905797 0.546667 0.906602 0.549333 0.906602 0.552000 0.907407 0.554667 0.907407 0.557333 0.908213 0.560000 0.908213 0.570667 0.907407 0.573333 0.907407 0.586667 0.908213 0.589333 0.908213 0.600000 0.909823 0.605333 0.909823 0.608000 0.912238 0.616000 0.912238 0.621333 0.913043 0.624000 0.913043 0.626667 0.913849 0.629333 0.913849 0.634667 0.915459 0.640000 0.915459 0.650667 0.916264 0.653333 0.916264 0.661333 0.917874 0.666667 0.917874 0.672000 0.918680 0.674667 0.918680 0.685333 0.917874 0.688000 0.917874 0.690667 0.917069 0.693333 0.918680 0.693333 0.919485 0.696000 0.920290 0.696000 0.921095 0.698667 0.921900 0.696000 0.923510 0.696000 0.924316 0.693333 0.924316 0.674667 0.925121 0.672000 0.925121 0.669333 0.925926 0.666667 0.925926 0.664000 0.926731 0.661333 0.926731 0.656000 0.925926 0.653333 0.925926 0.626667 0.926731 0.624000 0.926731 0.616000 0.928341 0.610667 0.928341 0.602667 0.929952 0.597333 0.929952 0.592000 0.930757 0.589333 0.930757 0.565333 0.929952 0.562667 0.929952 0.541333 0.929147 0.538667 0.929147 0.530667 0.928341 0.528000 0.928341 0.522667 0.927536 0.520000 0.927536 0.517333 0.926731 0.514667 0.926731 0.512000 0.925926 0.509333 0.925926 0.506667 0.925121 0.506667 0.924316 0.504000 0.924316 0.501333 0.923510 0.501333 0.922705 0.498667 0.921900 0.498667 0.921095 0.496000 0.921095 0.493333 0.920290 0.490667 0.920290 0.488000 0.918680 0.482667 0.918680 0.480000 0.917069 0.474667 0.915459 0.474667 0.914654 0.472000
1 0.884863 0.472000 0.930757 0.698667