0 0.478261 0.493333 0.477456 0.496000 0.473430 0.496000 0.472625 0.498667 0.471820 0.498667 0.471014 0.501333 0.470209 0.501333 0.469404 0.504000 0.468599 0.504000 0.467794 0.506667 0.467794 0.509333 0.466989 0.512000 0.466989 0.514667 0.466184 0.517333 0.466184 0.520000 0.465378 0.522667 0.465378 0.525333 0.464573 0.528000 0.464573 0.533333 0.463768 0.536000 0.463768 0.538667 0.462158 0.544000 0.458937 0.544000 0.458132 0.546667 0.457327 0.546667 0.456522 0.549333 0.456522 0.554667 0.455717 0.557333 0.456522 0.560000 0.456522 0.562667 0.457327 0.562667 0.458132 0.565333 0.458937 0.565333 0.460548 0.570667 0.460548 0.581333 0.459742 0.584000 0.459742 0.589333 0.458937 0.592000 0.458937 0.597333 0.458132 0.600000 0.458132 0.645333 0.457327 0.648000 0.457327 0.714667 0.458937 0.720000 0.459742 0.720000 0.460548 0.722667 0.464573 0.722667 0.465378 0.720000 0.466184 0.720000 0.466989 0.717333 0.466989 0.714667 0.467794 0.712000 0.467794 0.706667 0.470209 0.698667 0.475845 0.698667 0.476651 0.701333 0.487118 0.701333 0.487923 0.704000 0.492754 0.704000 0.493559 0.706667 0.505636 0.706667 0.506441 0.704000 0.514493 0.704000 0.515298 0.706667 0.516908 0.706667 0.520129 0.717333 0.522544 0.717333 0.523349 0.720000 0.525765 0.720000 0.526570 0.717333 0.528180 0.717333 0.528180 0.714667 0.528986 0.712000 0.528986 0.709333 0.529791 0.706667 0.529791 0.696000 0.530596 0.693333 0.530596 0.669333 0.531401 0.666667 0.531401 0.618667 0.530596 0.616000 0.530596 0.605333 0.529791 0.602667 0.529791 0.597333 0.528986 0.594667 0.528986 0.581333 0.528180 0.578667 0.528180 0.570667 0.528986 0.568000 0.528986 0.560000 0.528180 0.557333 0.528180 0.554667 0.524960 0.544000 0.524960 0.541333 0.524155 0.538667 0.524155 0.536000 0.523349 0.533333 0.523349 0.530667 0.522544 0.528000 0.522544 0.522667 0.520934 0.517333 0.520934 0.514667 0.520129 0.512000 0.520129 0.509333 0.519324 0.506667 0.519324 0.504000 0.518519 0.501333 0.517713 0.501333 0.516908 0.498667 0.516103 0.498667 0.515298 0.496000 0.513688 0.496000 0.512882 0.493333
0 0.455717 0.493333 0.531401 0.722667
0 0.006441 0.541333 0.006441 0.608000 0.005636 0.610667 0.005636 0.613333 0.006441 0.616000 0.006441 0.626667 0.012077 0.626667 0.012882 0.629333 0.013688 0.629333 0.014493 0.626667 0.016103 0.626667 0.018519 0.618667 0.019324 0.618667 0.020129 0.616000 0.026570 0.616000 0.028180 0.621333 0.028180 0.624000 0.033011 0.624000 0.033816 0.621333 0.034622 0.621333 0.036232 0.616000 0.036232 0.613333 0.037037 0.610667 0.037037 0.608000 0.037842 0.605333 0.038647 0.605333 0.039452 0.602667 0.041063 0.602667 0.041868 0.600000 0.042673 0.600000 0.043478 0.597333 0.044283 0.597333 0.044283 0.589333 0.045089 0.586667 0.043478 0.581333 0.043478 0.578667 0.042673 0.576000 0.041868 0.576000 0.041063 0.573333 0.037037 0.573333 0.036232 0.570667 0.032206 0.570667 0.031401 0.568000 0.027375 0.568000 0.026570 0.565333 0.022544 0.565333 0.021739 0.562667 0.018519 0.562667 0.017713 0.560000 0.016908 0.560000 0.012077 0.544000 0.011272 0.544000 0.010467 0.541333
0 0.005636 0.541333 0.045089 0.629333
0 0.000000 0.536000 0.000000 0.621333 0.001610 0.621333 0.002415 0.618667 0.002415 0.581333 0.001610 0.578667 0.001610 0.538667 0.000805 0.536000
0 0.000000 0.536000 0.002415 0.621333
1 0.735105 0.461333 0.734300 0.464000 0.734300 0.488000 0.733494 0.490667 0.733494 0.493333 0.732689 0.496000 0.732689 0.501333 0.731884 0.504000 0.731884 0.552000 0.732689 0.554667 0.732689 0.560000 0.734300 0.565333 0.735105 0.565333 0.735910 0.568000 0.735910 0.570667 0.736715 0.573333 0.736715 0.576000 0.737520 0.578667 0.737520 0.589333 0.736715 0.592000 0.736715 0.597333 0.735910 0.600000 0.735910 0.605333 0.733494 0.613333 0.733494 0.616000 0.732689 0.618667 0.732689 0.629333 0.735105 0.637333 0.735910 0.637333 0.736715 0.640000 0.737520 0.640000 0.738325 0.642667 0.739936 0.642667 0.740741 0.640000 0.743156 0.640000 0.743156 0.634667 0.742351 0.632000 0.742351 0.602667 0.743156 0.600000 0.743156 0.586667 0.743961 0.584000 0.743961 0.568000 0.744767 0.565333 0.744767 0.552000 0.746377 0.546667 0.747182 0.549333 0.747182 0.552000 0.747987 0.554667 0.747987 0.557333 0.749597 0.557333 0.749597 0.544000 0.748792 0.541333 0.748792 0.536000 0.746377 0.528000 0.746377 0.525333 0.745572 0.522667 0.745572 0.514667 0.744767 0.512000 0.744767 0.506667 0.743961 0.504000 0.743961 0.501333 0.743156 0.498667 0.743156 0.496000 0.742351 0.493333 0.742351 0.490667 0.741546 0.488000 0.741546 0.464000 0.740741 0.464000 0.739936 0.461333
1 0.731884 0.461333 0.749597 0.642667
1 0.793881 0.482667 0.793076 0.485333 0.792271 0.485333 0.791465 0.488000 0.791465 0.493333 0.792271 0.496000 0.792271 0.504000 0.790660 0.509333 0.789855 0.509333 0.788245 0.514667 0.787440 0.514667 0.787440 0.517333 0.786634 0.520000 0.785024 0.520000 0.782609 0.528000 0.781804 0.528000 0.781804 0.530667 0.784219 0.530667 0.785829 0.525333 0.786634 0.525333 0.786634 0.522667 0.787440 0.520000 0.788245 0.520000 0.789050 0.517333 0.790660 0.522667 0.790660 0.525333 0.791465 0.528000 0.791465 0.557333 0.792271 0.560000 0.792271 0.581333 0.793076 0.584000 0.793076 0.586667 0.793881 0.589333 0.793881 0.597333 0.794686 0.600000 0.794686 0.602667 0.793881 0.605333 0.793881 0.618667 0.794686 0.621333 0.797907 0.621333 0.798712 0.618667 0.799517 0.618667 0.799517 0.602667 0.798712 0.600000 0.798712 0.592000 0.797907 0.589333 0.797907 0.576000 0.798712 0.573333 0.801127 0.581333 0.801127 0.584000 0.804348 0.594667 0.806763 0.594667 0.806763 0.581333 0.805958 0.578667 0.805958 0.536000 0.805153 0.533333 0.805153 0.530667 0.804348 0.528000 0.804348 0.525333 0.803543 0.522667 0.803543 0.517333 0.801932 0.512000 0.801932 0.509333 0.801127 0.506667 0.801127 0.504000 0.800322 0.501333 0.799517 0.501333 0.798712 0.498667 0.798712 0.496000 0.797907 0.493333 0.797907 0.490667 0.795491 0.482667
1 0.781804 0.482667 0.806763 0.621333
1 0.932367 0.448000 0.931562 0.450667 0.931562 0.453333 0.930757 0.456000 0.930757 0.464000 0.929952 0.466667 0.929952 0.474667 0.929147 0.477333 0.929147 0.530667 0.929952 0.533333 0.929952 0.549333 0.930757 0.552000 0.930757 0.560000 0.931562 0.562667 0.931562 0.573333 0.932367 0.576000 0.932367 0.584000 0.933172 0.586667 0.933172 0.608000 0.933977 0.610667 0.933977 0.613333 0.934783 0.616000 0.937198 0.616000 0.937198 0.613333 0.938003 0.610667 0.937198 0.608000 0.937198 0.584000 0.936393 0.581333 0.936393 0.568000 0.935588 0.565333 0.935588 0.562667 0.934783 0.560000 0.934783 0.557333 0.933977 0.554667 0.933977 0.549333 0.933172 0.546667 0.933172 0.522667 0.933977 0.520000 0.933977 0.517333 0.935588 0.512000 0.935588 0.488000 0.934783 0.485333 0.934783 0.477333 0.933977 0.474667 0.933977 0.464000 0.933172 0.461333 0.933172 0.448000
1 0.929147 0.448000 0.938003 0.616000
1 0.851852 0.472000 0.851047 0.474667 0.851047 0.482667 0.850242 0.485333 0.850242 0.488000 0.849436 0.490667 0.849436 0.493333 0.848631 0.496000 0.848631 0.498667 0.847826 0.501333 0.847826 0.512000 0.848631 0.514667 0.848631 0.522667 0.849436 0.525333 0.849436 0.536000 0.850242 0.538667 0.850242 0.554667 0.851047 0.557333 0.851047 0.565333 0.851852 0.568000 0.851852 0.570667 0.855878 0.570667 0.856683 0.573333 0.859098 0.573333 0.859098 0.570667 0.859903 0.568000 0.859098 0.565333 0.859098 0.562667 0.858293 0.560000 0.858293 0.488000 0.856683 0.482667 0.855878 0.482667 0.855072 0.480000 0.855072 0.477333 0.854267 0.474667 0.854267 0.472000
1 0.847826 0.472000 0.859903 0.573333