0 0.000000 0.621622 0.000000 0.997297 0.227124 0.997297 0.227124 0.994595 0.227941 0.991892 0.227941 0.983784 0.228758 0.981081 0.228758 0.970270 0.229575 0.967568 0.229575 0.962162 0.230392 0.959459 0.230392 0.954054 0.231209 0.951351 0.231209 0.945946 0.232026 0.943243 0.232026 0.940541 0.232843 0.937838 0.232843 0.935135 0.233660 0.932432 0.233660 0.913514 0.234477 0.910811 0.234477 0.878378 0.233660 0.875676 0.233660 0.859459 0.232026 0.854054 0.232026 0.848649 0.231209 0.845946 0.231209 0.837838 0.230392 0.835135 0.230392 0.829730 0.229575 0.827027 0.229575 0.824324 0.228758 0.821622 0.228758 0.816216 0.226307 0.808108 0.226307 0.805405 0.225490 0.805405 0.224673 0.802703 0.224673 0.800000 0.223039 0.794595 0.222222 0.794595 0.221405 0.791892 0.219771 0.791892 0.218954 0.789189 0.216503 0.789189 0.215686 0.786486 0.214052 0.786486 0.213235 0.783784 0.207516 0.783784 0.206699 0.781081 0.198529 0.781081 0.197712 0.778378 0.184641 0.778378 0.183824 0.775676 0.179739 0.775676 0.178922 0.772973 0.171569 0.772973 0.170752 0.775676 0.162582 0.775676 0.161765 0.772973 0.159314 0.772973 0.158497 0.770270 0.156863 0.770270 0.154412 0.762162 0.153595 0.762162 0.150327 0.751351 0.149510 0.751351 0.147876 0.745946 0.147059 0.745946 0.145425 0.740541 0.144608 0.740541 0.143791 0.737838 0.143791 0.735135 0.142974 0.735135 0.141340 0.729730 0.140523 0.729730 0.138889 0.724324 0.138072 0.724324 0.136438 0.718919 0.135621 0.718919 0.134804 0.716216 0.133987 0.716216 0.133170 0.713514 0.132353 0.713514 0.130719 0.708108 0.129902 0.708108 0.129085 0.705405 0.127451 0.705405 0.125000 0.697297 0.123366 0.697297 0.122549 0.694595 0.121732 0.694595 0.120915 0.691892 0.120098 0.691892 0.119281 0.689189 0.118464 0.689189 0.116830 0.683784 0.115196 0.683784 0.114379 0.681081 0.112745 0.681081 0.111928 0.678378 0.111111 0.678378 0.110294 0.675676 0.109477 0.675676 0.108660 0.672973 0.107843 0.672973 0.107026 0.670270 0.106209 0.670270 0.104575 0.664865 0.102941 0.664865 0.102124 0.662162 0.100490 0.662162 0.099673 0.659459 0.098039 0.659459 0.096405 0.654054 0.093954 0.654054 0.093137 0.651351 0.090686 0.651351 0.089869 0.648649 0.087418 0.648649 0.086601 0.645946 0.085784 0.645946 0.084967 0.643243 0.081699 0.643243 0.080882 0.640541 0.077614 0.640541 0.076797 0.637838 0.071895 0.637838 0.071078 0.635135 0.067810 0.635135 0.066993 0.632432 0.058007 0.632432 0.057190 0.629730 0.049837 0.629730 0.049020 0.627027 0.036765 0.627027 0.035948 0.624324 0.030229 0.624324 0.029412 0.621622
0 0.000000 0.621622 0.234477 0.997297
0 0.375000 0.470270 0.374183 0.472973 0.369281 0.472973 0.368464 0.475676 0.366830 0.475676 0.363562 0.486486 0.363562 0.489189 0.361928 0.494595 0.361928 0.502703 0.361111 0.505405 0.361111 0.540541 0.361928 0.543243 0.361928 0.545946 0.364379 0.545946 0.365196 0.543243 0.366013 0.543243 0.367647 0.537838 0.373366 0.537838 0.374183 0.535135 0.384804 0.535135 0.386438 0.540541 0.388889 0.540541 0.389706 0.537838 0.389706 0.502703 0.388889 0.500000 0.388889 0.489189 0.388072 0.486486 0.387255 0.486486 0.384804 0.478378 0.384804 0.475676 0.383987 0.475676 0.383170 0.472973 0.382353 0.472973 0.381536 0.470270
0 0.361111 0.470270 0.389706 0.545946
1 0.677288 0.643243 0.676471 0.645946 0.675654 0.645946 0.673203 0.654054 0.672386 0.654054 0.671569 0.656757 0.670752 0.656757 0.669118 0.662162 0.668301 0.662162 0.665850 0.670270 0.665033 0.670270 0.663399 0.675676 0.663399 0.678378 0.664216 0.681081 0.664216 0.686486 0.665033 0.689189 0.665033 0.691892 0.665850 0.694595 0.665850 0.697297 0.666667 0.700000 0.666667 0.702703 0.667484 0.705405 0.667484 0.708108 0.668301 0.710811 0.669935 0.710811 0.669935 0.708108 0.669118 0.705405 0.669118 0.697297 0.669935 0.694595 0.669935 0.691892 0.670752 0.689189 0.670752 0.683784 0.671569 0.681081 0.672386 0.681081 0.673203 0.678378 0.674020 0.678378 0.674020 0.675676 0.674837 0.672973 0.674837 0.670270 0.675654 0.667568 0.675654 0.659459 0.676471 0.656757 0.676471 0.651351 0.677288 0.648649
1 0.663399 0.643243 0.677288 0.710811
1 0.673203 0.594595 0.674020 0.597297 0.674020 0.600000 0.674837 0.602703 0.674837 0.605405 0.675654 0.608108 0.675654 0.610811 0.678922 0.621622 0.678922 0.618919 0.678105 0.616216 0.678105 0.610811 0.678922 0.608108 0.678922 0.602703 0.678105 0.600000 0.678105 0.597297 0.677288 0.594595
1 0.673203 0.594595 0.678922 0.621622
1 0.680556 0.451351 0.679739 0.454054 0.678105 0.454054 0.677288 0.456757 0.676471 0.456757 0.675654 0.459459 0.675654 0.464865 0.674837 0.467568 0.674837 0.475676 0.675654 0.478378 0.675654 0.486486 0.674020 0.491892 0.674020 0.494595 0.673203 0.497297 0.673203 0.500000 0.672386 0.502703 0.672386 0.505405 0.671569 0.508108 0.671569 0.510811 0.674837 0.500000 0.675654 0.500000 0.676471 0.497297 0.677288 0.497297 0.678105 0.494595 0.678922 0.494595 0.679739 0.491892 0.679739 0.478378 0.680556 0.475676 0.680556 0.470270 0.683007 0.462162 0.683824 0.462162 0.684641 0.459459 0.684641 0.456757 0.683824 0.454054 0.683007 0.454054 0.682190 0.451351
1 0.671569 0.451351 0.684641 0.510811
1 0.685458 0.464865 0.683007 0.472973 0.683007 0.483784 0.682190 0.486486 0.682190 0.491892 0.681373 0.494595 0.681373 0.502703 0.678922 0.510811 0.678922 0.513514 0.677288 0.518919 0.677288 0.524324 0.676471 0.527027 0.676471 0.537838 0.677288 0.540541 0.677288 0.545946 0.678922 0.551351 0.678922 0.554054 0.679739 0.556757 0.679739 0.572973 0.678922 0.575676 0.678922 0.583784 0.678105 0.586486 0.678105 0.594595 0.678922 0.597297 0.678922 0.600000 0.679739 0.602703 0.679739 0.608108 0.678922 0.610811 0.678922 0.616216 0.679739 0.618919 0.679739 0.640541 0.678922 0.643243 0.678922 0.645946 0.677288 0.651351 0.677288 0.656757 0.676471 0.659459 0.676471 0.667568 0.675654 0.670270 0.675654 0.672973 0.674837 0.675676 0.674837 0.683784 0.674020 0.686486 0.674020 0.708108 0.673203 0.710811 0.673203 0.713514 0.672386 0.716216 0.672386 0.727027 0.673203 0.729730 0.678105 0.729730 0.678922 0.732432 0.679739 0.732432 0.680556 0.729730 0.681373 0.729730 0.681373 0.724324 0.680556 0.721622 0.680556 0.700000 0.681373 0.697297 0.681373 0.689189 0.682190 0.686486 0.682190 0.670270 0.683007 0.667568 0.683007 0.656757 0.684641 0.651351 0.684641 0.648649 0.686275 0.643243 0.687092 0.643243 0.687908 0.640541 0.688725 0.640541 0.690359 0.635135 0.690359 0.632432 0.692810 0.624324 0.693627 0.624324 0.693627 0.621622 0.694444 0.618919 0.694444 0.583784 0.693627 0.581081 0.693627 0.575676 0.692810 0.572973 0.692810 0.556757 0.691993 0.554054 0.691993 0.548649 0.692810 0.545946 0.692810 0.524324 0.691993 0.521622 0.691993 0.494595 0.692810 0.491892 0.692810 0.486486 0.691993 0.483784 0.691993 0.472973 0.690359 0.467568 0.688725 0.467568 0.687908 0.464865
1 0.672386 0.464865 0.694444 0.732432