0 0.000000 0.621622 0.000000 0.997297 0.227124 0.997297 0.227124 0.994595 0.227941 0.991892 0.227941 0.983784 0.228758 0.981081 0.228758 0.970270 0.229575 0.967568 0.229575 0.962162 0.230392 0.959459 0.230392 0.954054 0.231209 0.951351 0.231209 0.945946 0.232026 0.943243 0.232026 0.940541 0.232843 0.937838 0.232843 0.932432 0.233660 0.929730 0.233660 0.913514 0.234477 0.910811 0.234477 0.872973 0.233660 0.870270 0.233660 0.859459 0.232843 0.856757 0.232843 0.854054 0.232026 0.851351 0.232026 0.848649 0.231209 0.845946 0.231209 0.835135 0.230392 0.832432 0.230392 0.827027 0.229575 0.824324 0.229575 0.821622 0.228758 0.818919 0.228758 0.816216 0.226307 0.808108 0.226307 0.805405 0.223039 0.794595 0.222222 0.794595 0.221405 0.791892 0.219771 0.791892 0.218954 0.789189 0.216503 0.789189 0.215686 0.786486 0.214052 0.786486 0.213235 0.783784 0.207516 0.783784 0.206699 0.781081 0.198529 0.781081 0.197712 0.778378 0.183824 0.778378 0.183007 0.775676 0.180556 0.775676 0.179739 0.772973 0.171569 0.772973 0.170752 0.775676 0.162582 0.775676 0.161765 0.772973 0.159314 0.772973 0.158497 0.770270 0.156863 0.770270 0.156046 0.767568 0.155229 0.767568 0.154412 0.764865 0.154412 0.762162 0.153595 0.762162 0.149510 0.748649 0.148693 0.748649 0.147876 0.745946 0.147059 0.745946 0.143791 0.735135 0.142974 0.735135 0.140523 0.727027 0.139706 0.727027 0.138889 0.724324 0.138072 0.724324 0.136438 0.718919 0.135621 0.718919 0.134804 0.716216 0.133987 0.716216 0.133170 0.713514 0.132353 0.713514 0.130719 0.708108 0.129902 0.708108 0.129085 0.705405 0.128268 0.705405 0.127451 0.702703 0.126634 0.702703 0.125000 0.697297 0.124183 0.697297 0.123366 0.694595 0.121732 0.694595 0.120915 0.691892 0.120098 0.691892 0.118464 0.686486 0.117647 0.686486 0.116830 0.683784 0.115196 0.683784 0.114379 0.681081 0.112745 0.681081 0.111928 0.678378 0.111111 0.678378 0.110294 0.675676 0.109477 0.675676 0.107843 0.670270 0.106209 0.670270 0.104575 0.664865 0.102941 0.664865 0.102124 0.662162 0.100490 0.662162 0.099673 0.659459 0.098039 0.659459 0.096405 0.654054 0.093954 0.654054 0.093137 0.651351 0.090686 0.651351 0.089869 0.648649 0.088235 0.648649 0.087418 0.645946 0.085784 0.645946 0.084967 0.643243 0.081699 0.643243 0.080882 0.640541 0.077614 0.640541 0.076797 0.637838 0.071895 0.637838 0.071078 0.635135 0.067810 0.635135 0.066993 0.632432 0.058824 0.632432 0.058007 0.629730 0.050654 0.629730 0.049837 0.627027 0.037582 0.627027 0.036765 0.624324 0.031863 0.624324 0.031046 0.621622
0 0.000000 0.621622 0.234477 0.997297
0 0.371732 0.472973 0.370915 0.475676 0.369281 0.475676 0.366830 0.483784 0.366830 0.486486 0.365196 0.491892 0.365196 0.494595 0.363562 0.500000 0.363562 0.513514 0.362745 0.516216 0.362745 0.545946 0.363562 0.548649 0.363562 0.554054 0.372549 0.554054 0.373366 0.551351 0.396242 0.551351 0.397059 0.554054 0.397876 0.554054 0.398693 0.551351 0.399510 0.554054 0.400327 0.554054 0.401144 0.551351 0.401961 0.551351 0.401961 0.521622 0.400327 0.516216 0.400327 0.513514 0.399510 0.510811 0.399510 0.508108 0.398693 0.505405 0.398693 0.502703 0.397876 0.500000 0.397876 0.497297 0.392157 0.478378 0.391340 0.478378 0.390523 0.475676 0.389706 0.475676 0.388889 0.472973
0 0.362745 0.472973 0.401961 0.554054
1 0.797386 0.683784 0.796569 0.686486 0.796569 0.691892 0.795752 0.694595 0.793301 0.694595 0.794118 0.694595 0.794935 0.697297 0.802288 0.697297 0.803922 0.691892 0.803105 0.689189 0.803105 0.686486 0.802288 0.683784
1 0.793301 0.683784 0.803922 0.697297
1 0.787582 0.556757 0.786765 0.559459 0.785948 0.559459 0.785131 0.562162 0.784314 0.562162 0.784314 0.564865 0.785131 0.567568 0.785131 0.575676 0.786765 0.581081 0.786765 0.583784 0.788399 0.589189 0.788399 0.591892 0.789216 0.594595 0.789216 0.602703 0.788399 0.605405 0.789216 0.608108 0.789216 0.616216 0.788399 0.618919 0.788399 0.621622 0.787582 0.624324 0.787582 0.640541 0.786765 0.643243 0.786765 0.654054 0.785948 0.656757 0.785948 0.683784 0.785131 0.686486 0.785131 0.689189 0.787582 0.697297 0.790850 0.697297 0.789216 0.697297 0.788399 0.694595 0.787582 0.694595 0.786765 0.691892 0.786765 0.683784 0.787582 0.681081 0.787582 0.678378 0.788399 0.675676 0.788399 0.667568 0.789216 0.664865 0.789216 0.662162 0.795752 0.640541 0.795752 0.637838 0.799837 0.624324 0.799837 0.591892 0.799020 0.589189 0.799020 0.583784 0.798203 0.581081 0.798203 0.570270 0.797386 0.567568 0.797386 0.564865 0.796569 0.564865 0.795752 0.562162 0.794935 0.562162 0.794118 0.559459 0.791667 0.559459 0.790850 0.556757
1 0.784314 0.556757 0.799837 0.697297
1 0.794118 0.432432 0.793301 0.435135 0.791667 0.435135 0.790850 0.437838 0.790850 0.456757 0.790033 0.459459 0.790033 0.462162 0.788399 0.467568 0.788399 0.470270 0.785131 0.481081 0.786765 0.481081 0.787582 0.483784 0.788399 0.483784 0.789216 0.486486 0.790033 0.486486 0.794118 0.500000 0.794118 0.505405 0.794935 0.508108 0.794935 0.513514 0.795752 0.513514 0.795752 0.508108 0.796569 0.505405 0.796569 0.491892 0.797386 0.489189 0.797386 0.481081 0.798203 0.478378 0.798203 0.475676 0.799020 0.472973 0.799020 0.470270 0.800654 0.464865 0.800654 0.462162 0.802288 0.456757 0.802288 0.454054 0.803105 0.451351 0.803105 0.448649 0.804739 0.443243 0.804739 0.435135 0.803922 0.435135 0.803105 0.432432
1 0.785131 0.432432 0.804739 0.513514
1 0.808007 0.440541 0.807190 0.443243 0.805556 0.443243 0.805556 0.445946 0.803922 0.451351 0.803922 0.459459 0.803105 0.462162 0.803105 0.467568 0.799020 0.481081 0.799020 0.483784 0.798203 0.486486 0.798203 0.489189 0.797386 0.491892 0.797386 0.508108 0.796569 0.510811 0.796569 0.516216 0.797386 0.518919 0.797386 0.529730 0.798203 0.532432 0.798203 0.535135 0.799020 0.537838 0.799020 0.556757 0.798203 0.559459 0.798203 0.567568 0.799020 0.570270 0.799020 0.581081 0.799837 0.583784 0.799837 0.589189 0.800654 0.591892 0.800654 0.624324 0.796569 0.637838 0.796569 0.640541 0.790033 0.662162 0.790033 0.664865 0.789216 0.667568 0.789216 0.675676 0.788399 0.678378 0.788399 0.681081 0.787582 0.683784 0.787582 0.691892 0.788399 0.691892 0.789216 0.694595 0.792484 0.694595 0.793301 0.691892 0.795752 0.691892 0.795752 0.686486 0.797386 0.681081 0.799020 0.681081 0.799837 0.678378 0.799837 0.664865 0.803105 0.654054 0.803105 0.651351 0.805556 0.643243 0.805556 0.640541 0.806373 0.637838 0.807190 0.637838 0.808007 0.635135 0.809641 0.640541 0.809641 0.645946 0.808824 0.648649 0.808824 0.697297 0.810458 0.702703 0.817810 0.702703 0.818627 0.700000 0.818627 0.697297 0.816993 0.691892 0.816993 0.689189 0.815359 0.683784 0.814542 0.683784 0.812908 0.678378 0.812908 0.662162 0.812092 0.659459 0.812092 0.643243 0.811275 0.640541 0.811275 0.635135 0.812092 0.632432 0.812092 0.629730 0.813725 0.624324 0.814542 0.624324 0.814542 0.621622 0.816176 0.616216 0.816176 0.594595 0.816993 0.591892 0.817810 0.591892 0.819444 0.597297 0.820261 0.594595 0.820261 0.583784 0.819444 0.581081 0.819444 0.572973 0.817810 0.567568 0.817810 0.562162 0.816993 0.559459 0.816993 0.554054 0.816176 0.551351 0.816176 0.516216 0.815359 0.513514 0.815359 0.502703 0.814542 0.500000 0.814542 0.489189 0.813725 0.486486 0.813725 0.472973 0.814542 0.470270 0.814542 0.462162 0.813725 0.459459 0.813725 0.454054 0.812908 0.451351 0.812908 0.445946 0.812092 0.443243 0.810458 0.443243 0.809641 0.440541
1 0.787582 0.440541 0.820261 0.702703