0 0.449919 0.483957 0.449111 0.486631 0.446688 0.486631 0.445880 0.489305 0.445073 0.489305 0.445073 0.491979 0.443457 0.497326 0.443457 0.500000 0.442649 0.502674 0.442649 0.505348 0.441842 0.508021 0.441842 0.524064 0.441034 0.526738 0.441034 0.529412 0.440226 0.532086 0.440226 0.537433 0.439418 0.540107 0.439418 0.558824 0.441842 0.558824 0.442649 0.556150 0.458805 0.556150 0.459612 0.558824 0.466882 0.558824 0.467690 0.556150 0.469305 0.556150 0.469305 0.553476 0.470113 0.550802 0.470113 0.542781 0.470921 0.540107 0.470921 0.532086 0.470113 0.529412 0.470113 0.510695 0.469305 0.508021 0.469305 0.502674 0.468498 0.500000 0.468498 0.497326 0.467690 0.494652 0.467690 0.491979 0.466074 0.486631 0.462036 0.486631 0.461228 0.483957
0 0.439418 0.483957 0.470921 0.558824
1 0.537157 0.462567 0.536349 0.465241 0.535541 0.465241 0.535541 0.467914 0.534733 0.470588 0.534733 0.473262 0.533926 0.475936 0.533926 0.481283 0.533118 0.483957 0.533118 0.494652 0.531502 0.500000 0.530695 0.500000 0.529887 0.502674 0.529079 0.502674 0.528271 0.505348 0.527464 0.505348 0.525848 0.510695 0.525848 0.537433 0.525040 0.540107 0.525040 0.545455 0.524233 0.548128 0.524233 0.558824 0.525040 0.561497 0.527464 0.561497 0.527464 0.558824 0.528271 0.556150 0.529079 0.556150 0.530695 0.561497 0.530695 0.572193 0.531502 0.574866 0.531502 0.606952 0.532310 0.609626 0.532310 0.614973 0.533118 0.617647 0.533118 0.625668 0.533926 0.628342 0.533926 0.631016 0.534733 0.633690 0.534733 0.647059 0.535541 0.649733 0.535541 0.668449 0.534733 0.671123 0.534733 0.679144 0.533926 0.681818 0.533926 0.700535 0.533118 0.703209 0.533926 0.705882 0.533926 0.716578 0.534733 0.719251 0.538772 0.719251 0.539580 0.716578 0.540388 0.716578 0.541195 0.713904 0.541195 0.697861 0.540388 0.695187 0.540388 0.655080 0.541195 0.652406 0.541195 0.644385 0.542003 0.641711 0.542003 0.639037 0.542811 0.636364 0.542811 0.617647 0.543619 0.614973 0.543619 0.609626 0.544426 0.606952 0.544426 0.596257 0.545234 0.593583 0.545234 0.590909 0.546042 0.588235 0.546042 0.585561 0.546850 0.582888 0.546850 0.580214 0.547658 0.577540 0.547658 0.574866 0.548465 0.572193 0.548465 0.569519 0.549273 0.566845 0.549273 0.558824 0.548465 0.556150 0.548465 0.548128 0.547658 0.545455 0.547658 0.529412 0.546850 0.526738 0.546850 0.524064 0.546042 0.521390 0.546042 0.516043 0.545234 0.516043 0.543619 0.510695 0.543619 0.505348 0.542811 0.502674 0.542811 0.497326 0.541195 0.497326 0.540388 0.494652 0.540388 0.491979 0.541195 0.489305 0.541195 0.478610 0.542003 0.475936 0.541195 0.473262 0.541195 0.467914 0.540388 0.465241 0.538772 0.465241 0.537964 0.462567
1 0.524233 0.462567 0.549273 0.719251
1 0.359451 0.475936 0.359451 0.478610 0.358643 0.481283 0.358643 0.505348 0.357027 0.510695 0.357027 0.513369 0.356220 0.516043 0.356220 0.518717 0.355412 0.521390 0.355412 0.529412 0.354604 0.532086 0.354604 0.537433 0.353796 0.540107 0.353796 0.561497 0.352989 0.564171 0.352989 0.647059 0.352181 0.649733 0.352181 0.652406 0.351373 0.655080 0.352181 0.657754 0.353796 0.657754 0.354604 0.655080 0.357835 0.655080 0.358643 0.652406 0.358643 0.625668 0.359451 0.622995 0.359451 0.601604 0.360258 0.598930 0.361874 0.604278 0.361874 0.631016 0.362682 0.633690 0.362682 0.657754 0.363489 0.660428 0.363489 0.663102 0.365913 0.663102 0.366721 0.660428 0.366721 0.657754 0.367528 0.655080 0.367528 0.620321 0.368336 0.617647 0.368336 0.596257 0.369144 0.593583 0.369144 0.580214 0.369952 0.577540 0.369952 0.574866 0.370759 0.572193 0.370759 0.532086 0.369952 0.529412 0.369952 0.510695 0.369144 0.508021 0.369144 0.505348 0.365913 0.494652 0.365913 0.483957 0.365105 0.481283 0.365105 0.478610 0.364297 0.475936
1 0.351373 0.475936 0.370759 0.663102
1 0.332795 0.475936 0.331987 0.478610 0.331179 0.478610 0.330372 0.481283 0.330372 0.502674 0.329564 0.505348 0.328756 0.505348 0.327948 0.508021 0.327948 0.542781 0.328756 0.545455 0.328756 0.585561 0.329564 0.588235 0.329564 0.604278 0.330372 0.606952 0.330372 0.609626 0.331987 0.614973 0.332795 0.612299 0.332795 0.590909 0.333603 0.588235 0.333603 0.585561 0.334410 0.582888 0.335218 0.582888 0.336834 0.588235 0.336834 0.606952 0.337641 0.609626 0.337641 0.612299 0.338449 0.614973 0.338449 0.620321 0.339257 0.622995 0.339257 0.644385 0.340065 0.647059 0.341680 0.647059 0.341680 0.644385 0.342488 0.641711 0.341680 0.639037 0.341680 0.628342 0.343296 0.622995 0.343296 0.612299 0.342488 0.609626 0.342488 0.604278 0.341680 0.601604 0.341680 0.593583 0.340872 0.590909 0.340872 0.588235 0.340065 0.585561 0.340065 0.580214 0.337641 0.572193 0.337641 0.558824 0.338449 0.556150 0.339257 0.556150 0.340065 0.553476 0.340872 0.553476 0.340872 0.550802 0.341680 0.548128 0.341680 0.521390 0.340872 0.518717 0.340872 0.513369 0.340065 0.510695 0.340065 0.508021 0.336834 0.497326 0.336834 0.494652 0.336026 0.491979 0.336026 0.486631 0.335218 0.483957 0.335218 0.478610 0.333603 0.478610
1 0.327948 0.475936 0.343296 0.647059
1 0.622779 0.454545 0.621163 0.459893 0.621163 0.497326 0.620355 0.500000 0.620355 0.508021 0.621163 0.510695 0.621163 0.516043 0.621971 0.518717 0.621971 0.524064 0.622779 0.526738 0.622779 0.532086 0.623586 0.534759 0.623586 0.537433 0.624394 0.540107 0.624394 0.545455 0.625202 0.548128 0.625202 0.569519 0.621971 0.580214 0.621971 0.588235 0.621163 0.590909 0.621163 0.604278 0.621971 0.606952 0.621971 0.617647 0.622779 0.620321 0.622779 0.622995 0.628433 0.622995 0.628433 0.609626 0.629241 0.606952 0.629241 0.598930 0.630048 0.596257 0.630048 0.588235 0.630856 0.585561 0.630856 0.569519 0.631664 0.566845 0.631664 0.529412 0.632472 0.526738 0.632472 0.497326 0.631664 0.494652 0.631664 0.491979 0.630048 0.486631 0.630048 0.483957 0.629241 0.481283 0.628433 0.481283 0.626010 0.473262 0.626010 0.462567 0.625202 0.459893 0.625202 0.457219 0.624394 0.457219 0.623586 0.454545
1 0.620355 0.454545 0.632472 0.622995
1 0.508078 0.462567 0.506462 0.467914 0.506462 0.470588 0.505654 0.473262 0.505654 0.478610 0.502423 0.489305 0.502423 0.491979 0.501616 0.494652 0.501616 0.510695 0.502423 0.513369 0.502423 0.524064 0.503231 0.526738 0.503231 0.550802 0.504039 0.553476 0.504039 0.569519 0.504847 0.572193 0.504847 0.577540 0.507270 0.577540 0.508078 0.580214 0.508078 0.601604 0.507270 0.604278 0.507270 0.617647 0.508885 0.622995 0.511309 0.622995 0.512116 0.620321 0.512116 0.617647 0.512924 0.614973 0.512924 0.577540 0.512116 0.574866 0.512116 0.569519 0.512924 0.566845 0.512924 0.540107 0.513732 0.537433 0.513732 0.534759 0.512924 0.532086 0.512924 0.521390 0.512116 0.518717 0.512116 0.510695 0.512924 0.508021 0.517771 0.508021 0.518578 0.510695 0.518578 0.513369 0.520194 0.518717 0.521809 0.518717 0.521809 0.516043 0.521002 0.513369 0.521002 0.510695 0.517771 0.500000 0.516155 0.500000 0.515347 0.497326 0.515347 0.494652 0.514540 0.491979 0.513732 0.491979 0.512924 0.489305 0.512924 0.486631 0.509693 0.475936 0.509693 0.465241 0.508885 0.462567
1 0.501616 0.462567 0.521809 0.622995
1 0.566236 0.475936 0.565428 0.478610 0.564620 0.478610 0.563813 0.481283 0.563813 0.483957 0.563005 0.486631 0.563005 0.491979 0.562197 0.494652 0.562197 0.497326 0.561389 0.500000 0.561389 0.502674 0.559774 0.508021 0.559774 0.510695 0.558966 0.513369 0.558966 0.516043 0.558158 0.518717 0.558158 0.521390 0.557351 0.524064 0.557351 0.553476 0.559774 0.561497 0.559774 0.574866 0.558966 0.577540 0.558966 0.604278 0.561389 0.612299 0.561389 0.614973 0.562197 0.617647 0.562197 0.622995 0.563005 0.625668 0.563005 0.633690 0.563813 0.636364 0.563813 0.641711 0.564620 0.644385 0.564620 0.687166 0.565428 0.689840 0.565428 0.711230 0.566236 0.713904 0.569467 0.713904 0.571082 0.708556 0.571082 0.705882 0.571890 0.703209 0.571890 0.692513 0.572698 0.689840 0.572698 0.679144 0.571890 0.676471 0.571890 0.671123 0.571082 0.668449 0.571082 0.665775 0.570275 0.663102 0.570275 0.660428 0.569467 0.657754 0.569467 0.639037 0.568659 0.636364 0.568659 0.620321 0.569467 0.617647 0.569467 0.614973 0.570275 0.612299 0.570275 0.606952 0.571082 0.604278 0.571082 0.572193 0.571890 0.569519 0.571890 0.566845 0.572698 0.564171 0.572698 0.553476 0.573506 0.550802 0.573506 0.545455 0.575121 0.540107 0.575121 0.521390 0.574313 0.518717 0.574313 0.516043 0.570275 0.502674 0.570275 0.500000 0.569467 0.497326 0.569467 0.486631 0.568659 0.483957 0.568659 0.481283 0.567851 0.478610 0.567044 0.478610
1 0.557351 0.475936 0.575121 0.713904
1 0.588045 0.457219 0.588045 0.478610 0.584006 0.491979 0.584006 0.494652 0.583199 0.497326 0.583199 0.502674 0.582391 0.505348 0.582391 0.513369 0.584814 0.521390 0.584814 0.524064 0.585622 0.526738 0.585622 0.534759 0.586430 0.537433 0.586430 0.540107 0.587237 0.542781 0.587237 0.548128 0.588045 0.550802 0.588045 0.556150 0.588853 0.558824 0.588853 0.566845 0.589661 0.569519 0.589661 0.572193 0.590468 0.574866 0.590468 0.582888 0.588853 0.588235 0.588853 0.598930 0.588045 0.601604 0.588045 0.631016 0.587237 0.633690 0.587237 0.639037 0.588045 0.641711 0.588045 0.644385 0.593700 0.644385 0.594507 0.647059 0.597738 0.647059 0.598546 0.644385 0.598546 0.593583 0.599354 0.590909 0.599354 0.585561 0.598546 0.582888 0.598546 0.561497 0.599354 0.558824 0.599354 0.548128 0.596931 0.540107 0.596931 0.526738 0.596123 0.524064 0.596123 0.518717 0.596931 0.516043 0.596931 0.505348 0.597738 0.502674 0.598546 0.502674 0.600162 0.508021 0.600162 0.510695 0.600969 0.513369 0.600969 0.521390 0.601777 0.524064 0.604200 0.524064 0.604200 0.521390 0.605008 0.518717 0.605008 0.508021 0.604200 0.505348 0.604200 0.502674 0.603393 0.500000 0.603393 0.497326 0.602585 0.494652 0.602585 0.491979 0.600162 0.483957 0.599354 0.483957 0.598546 0.481283 0.598546 0.478610 0.597738 0.475936 0.598546 0.473262 0.598546 0.465241 0.597738 0.462567 0.597738 0.459893 0.596931 0.457219
1 0.582391 0.457219 0.605008 0.647059
1 0.617932 0.449198 0.617124 0.451872 0.616317 0.451872 0.616317 0.454545 0.615509 0.457219 0.616317 0.459893 0.613086 0.470588 0.613086 0.478610 0.612278 0.481283 0.612278 0.505348 0.613086 0.508021 0.613086 0.513369 0.613893 0.516043 0.614701 0.513369 0.614701 0.510695 0.613893 0.508021 0.614701 0.505348 0.614701 0.502674 0.617124 0.494652 0.617124 0.486631 0.617932 0.483957 0.617932 0.481283 0.619548 0.475936 0.619548 0.451872 0.618740 0.449198
1 0.612278 0.449198 0.619548 0.516043
1 0.095315 0.494652 0.094507 0.497326 0.093700 0.497326 0.092892 0.500000 0.092892 0.516043 0.094507 0.521390 0.094507 0.524064 0.095315 0.526738 0.095315 0.532086 0.092084 0.542781 0.091276 0.542781 0.089661 0.548128 0.089661 0.550802 0.090468 0.553476 0.090468 0.558824 0.091276 0.561497 0.091276 0.574866 0.092084 0.577540 0.092084 0.580214 0.092892 0.582888 0.092892 0.590909 0.093700 0.590909 0.094507 0.588235 0.095315 0.588235 0.096123 0.585561 0.099354 0.585561 0.100162 0.582888 0.103393 0.582888 0.104200 0.585561 0.109047 0.585561 0.109855 0.588235 0.110662 0.585561 0.110662 0.561497 0.109855 0.558824 0.109855 0.540107 0.109047 0.537433 0.109047 0.534759 0.108239 0.534759 0.107431 0.532086 0.105816 0.532086 0.105008 0.529412 0.104200 0.529412 0.103393 0.526738 0.103393 0.500000 0.102585 0.497326 0.101777 0.497326 0.100969 0.494652
1 0.089661 0.494652 0.110662 0.590909